56	59.89470635354519
-20	66.4437752366066
-172	15.065310165286064
60	58.85382762551308
32	64.88363127410412
-164	18.841638699173927
136	30.95953905582428
-152	24.1812232285738
-108	42.434680327773094
-84	51.413023978471756
-60	58.84512533247471
112	40.86684228479862
164	18.767297342419624
-16	66.80682742595673
64	57.74565839767456
-132	32.629868403077126
-192	5.665727376937866
-180	11.021048530936241
-104	44.02410028874874
4	67.42411430180073
168	17.03173439204693
104	44.03990514576435
-4	67.42787624895573
-36	64.23268251121044
-56	59.905884474515915
176	13.367615282535553
52	60.88099132478237
12	67.1020335406065
28	65.4744668006897
148	25.851797431707382
-144	27.600694879889488
92	48.602379098534584
188	6.2856424152851105
36	64.20925441384315
68	56.59347055852413
-120	37.59238676726818
-52	60.90165649354458
84	51.453686997294426
-188	6.350112497806549
108	42.44772298634052
172	15.016081675887108
76	54.123711571097374
-160	20.690246745944023
156	22.365255266427994
-44	62.689654260873795
-112	40.848714128136635
124	35.9580809623003
-184	9.683372423052788
-116	39.22616332769394
-168	17.09934012591839
132	32.621016681194305
116	39.22666174173355
100	45.570253893733025
140	29.266063779592514
-92	48.57571291923523
-12	67.0981101244688
16	66.81073385477066
20	66.44531247019768
-136	30.972374767065048
144	27.57335489988327
200	1.023511752486229
180	10.972486779093742
160	20.60835075378418
0	67.46778117120266
-80	52.773730114102364
44	62.67657661437988
-32	64.89524956047535
-24	66.00660791993141
128	34.300811260938644
-128	34.28623352944851
152	24.121049225330353
88	50.050897136330605
-28	65.48679934442043
120	37.59887181222439
-64	57.7330736219883
-72	55.346184983849525
192	5.581402376294136
-88	50.01582296192646
-148	25.8902790248394
72	55.38183270394802
24	65.99456699192524
8	67.30530118942261
184	9.600615441799164
-176	13.422776117920876
-156	22.4286869764328
-76	54.079235419631004
80	52.81317003071308
96	47.1140548735857
-96	47.08649733662605
-200	1.0
-40	63.49868851900101
-8	67.30598331987858
-48	61.836166471242905
-124	35.955506965518
-100	45.580040499567986
40	63.49116775393486
48	61.81831495463848
-68	56.56742672622204
-140	29.31801551580429
