-12.0	335233.23828125
16.0	335225.34765625
20.0	5759.15625
-20.0	335229.955078125
12.0	335228.736328125
-6.0	288416.466796875
8.0	335231.09375
0.0	335234.26953125
6.0	237574.01171875
-2.0	288416.55859375
14.0	7128.05859375
-30.0	11630.3828125
-16.0	335232.009765625
-8.0	335234.06640625
-32.0	335226.921875
-24.0	335229.5234375
-18.0	288412.529296875
4.0	335232.853515625
-26.0	148148.20703125
2.0	288415.380859375
10.0	85148.75390625
-10.0	288415.708984375
-22.0	140881.740234375
-28.0	2724.392578125
18.0	1519.15234375
-4.0	335234.439453125
-14.0	288414.044921875
