-328	6620.749190822244
56	6702.514861047268
-20	6705.175203680992
-208	6667.296467736363
-380	6598.284770280123
-172	6678.6445505023
60	6702.062773481011
220	6663.135280013084
308	6629.232368290424
-412	6583.888065576553
-264	6647.02030582726
-244	6654.637892872095
-164	6680.8998963832855
-152	6684.160122513771
272	6643.811711266637
-108	6694.547657877207
-308	6629.28808170557
-84	6698.7852101922035
112	6693.615226447582
164	6680.944452390075
-16	6705.318974837661
-320	6624.131154462695
64	6701.567917719483
-400	6589.342415779829
348	6612.157065302134
-276	6642.397068813443
-192	6672.565545231104
-180	6676.267842665315
404	6587.835838183761
420	6580.528970345855
-216	6664.688104599714
-104	6695.3104987591505
4	6705.58121342957
168	6679.792157694697
364	6605.278016149998
104	6695.246369808912
-36	6704.288471609354
376	6600.123252615333
316	6625.8299913704395
224	6661.715570405126
328	6620.707391902804
-316	6625.852157309651
456	6563.252225443721
52	6702.938977137208
12	6705.450523287058
356	6608.7860733270645
-144	6686.269597426057
264	6646.939273476601
300	6632.618930831552
68	6701.058672875166
-372	6601.894682511687
-340	6615.617591589689
-444	6568.972744137049
-456	6563.079552486539
-392	6592.937599360943
-188	6673.853410869837
216	6664.529462009668
-256	6650.158689931035
-428	6576.6153342574835
108	6694.427383929491
172	6678.625767484307
156	6683.14695969224
-452	6565.065943032503
-336	6617.287388235331
-240	6656.169382914901
-44	6703.6656838059425
208	6667.292862683535
-112	6693.703420832753
124	6691.047661066055
280	6640.644009724259
336	6617.3104621768
-184	6675.045642465353
-116	6692.87495534122
-168	6679.742816179991
144	6686.310826182365
116	6692.798670917749
100	6696.010494500399
468	6557.100450098515
352	6610.4835985302925
200	6669.906536132097
-408	6585.716692581773
-136	6688.324807628989
-288	6637.516452848911
20	6705.182921722531
312	6627.514840558171
484	6548.313603177667
-300	6632.640526011586
-484	6548.134828642011
-472	6554.983061388135
-376	6600.083229780197
-432	6574.752398461103
340	6615.59078322351
0	6705.586467728019
388	6594.922442913055
344	6613.862138256431
-268	6645.499466344714
512	6531.848211482167
276	6642.226002410054
-360	6607.078454986215
-24	6705.006531760097
372	6601.833170518279
-128	6690.22029145062
152	6684.243526816368
88	6698.145655378699
-28	6704.789924114943
236	6657.4432644099
-248	6653.15708526969
-64	6701.5637179762125
120	6691.940955847502
-72	6700.508877933025
448	6567.322334066033
-500	6537.828514188528
260	6648.501513108611
-88	6698.13545383513
72	6700.541643336415
436	6573.033034786582
24	6705.034346818924
8	6705.541908025742
184	6675.03712759912
252	6651.559391260147
-228	6660.5065886974335
-156	6683.101434618235
-476	6552.677005290985
288	6637.440293386579
464	6559.254647955298
-460	6561.056114733219
-204	6668.650780290365
-96	6696.786591425538
500	6537.954387366772
-40	6703.991448387504
-8	6705.506538420916
-388	6594.712993204594
-124	6691.141505971551
-100	6696.08227352798
40	6704.010865628719
400	6589.569857493043
480	6550.944406211376
432	6574.99730424583
-68	6701.042478144169
496	6542.151188284159
416	6582.362707614899
-272	6643.938895344734
-296	6634.224879801273
-512	6531.363657385111
-292	6635.868985936046
-324	6622.440812334418
-416	6582.045792073011
268	6645.411763817072
-356	6608.82705283165
32	6704.591818809509
-312	6627.575784593821
136	6688.299970045686
444	6569.244393795729
-420	6580.304976001382
196	6671.234726116061
-60	6702.050404980779
320	6624.127909660339
408	6585.991156563163
-504	6536.980956926942
-132	6689.274190276861
324	6622.398452013731
-304	6631.0388206243515
460	6561.2361930161715
244	6654.48649212718
-4	6705.561753123999
-56	6702.4869806319475
176	6677.4393524974585
-424	6578.458643943071
28	6704.827394336462
148	6685.288260415196
256	6650.043792128563
-196	6671.353645756841
92	6697.438622221351
-440	6570.931888401508
188	6673.764545604587
-364	6605.354214459658
36	6704.312076345086
-448	6567.036436498165
-284	6639.115278497338
204	6668.6065959483385
-496	6541.782819673419
-368	6603.695426926017
-120	6692.000201061368
-52	6702.913635984063
84	6698.778196662664
384	6596.661078333855
292	6635.84673511982
-344	6613.926516205072
-260	6648.594113051891
-160	6682.002351909876
76	6699.957198426127
-436	6572.773391753435
-352	6610.510078385472
-480	6550.808162912726
232	6658.883221670985
296	6634.2056371718645
304	6630.91313393414
476	6552.850338339806
240	6655.988660991192
-404	6587.549395382404
132	6689.250205740333
140	6687.350513011217
248	6653.046773090959
-92	6697.47255577147
-12	6705.431919589639
16	6705.317136391997
392	6593.190123587847
180	6676.251064866781
-468	6556.9252426326275
160	6682.068630114198
-396	6591.10252211988
-80	6699.3886051774025
44	6703.675839990377
-384	6596.507643178105
368	6603.600117012858
452	6565.332241356373
412	6584.17347972095
380	6598.4260526150465
212	6665.920838266611
424	6578.696135938168
-32	6704.541790261865
228	6660.311702251434
128	6690.158827379346
428	6576.802935183048
332	6618.989298477769
396	6591.388077005744
-220	6663.303751140833
440	6571.13564401865
-280	6640.740640997887
192	6672.5198138952255
360	6607.009143769741
-348	6612.196279525757
-148	6685.225955322385
488	6546.674552679062
-212	6665.998116493225
-236	6657.684946537018
492	6543.457752197981
-176	6677.450559839606
-464	6559.053960233927
-76	6699.941371768713
80	6699.392324179411
96	6696.7450105547905
-508	0.0
-200	6669.960475176573
472	6555.133080884814
-492	6543.177080795169
-232	6659.103476881981
-488	6546.348813444376
-48	6703.299646154046
-332	6619.037236690521
48	6703.313314333558
508	0.0
504	6537.2439456135035
-252	6651.629793390632
-224	6661.922598451376
284	6639.073096871376
-140	6687.313265994191
