-328	6003.583701595664
56	6084.914115428925
-20	6087.597327232361
-208	6049.778625935316
-380	5981.513673782349
-172	6061.043484449387
60	6084.447436869144
220	6045.659074559808
308	6011.687746375799
-412	5967.356227710843
-264	6029.555487602949
-244	6037.110976874828
-164	6063.346058145165
-152	6066.651715472341
272	6026.290804743767
-108	6076.84950466454
-308	6011.959087371826
-84	6081.173828929663
112	6076.13953615725
164	6063.228546410799
-16	6087.7203028053045
-320	6006.91848140955
64	6083.9934262782335
-400	5972.7145638763905
348	5994.928435742855
-276	6024.9545812010765
-192	6054.931190997362
-180	6058.652619794011
404	5970.3740814477205
420	5963.134863868356
-216	6047.0882794857025
-104	6077.618557736278
4	6088.009999901056
168	6062.114340662956
364	5988.040526807308
104	6077.732322216034
-36	6086.687637731433
376	5982.756604552269
316	6008.37543822825
224	6044.236723393202
328	6003.42016376555
-316	6008.590359285474
456	5945.730274632573
52	6085.344135835767
12	6087.847759082913
356	5991.48142708838
-144	6068.73465333879
264	6029.376356855035
300	6014.928507834673
68	6083.490341722965
-372	5985.027272701263
-340	5998.542708486319
-444	5952.297988846898
-456	5946.294074967504
-392	5976.2796930372715
-188	6056.150574550033
216	6047.057671502233
-256	6032.611579626799
-428	5959.889550328255
108	6076.922319188714
172	6060.958076223731
156	6065.471772089601
-452	5948.289800047874
-336	6000.186625644565
-240	6038.573371261358
-44	6086.0682740956545
208	6049.8225582093
-112	6076.016891479492
124	6073.52401432395
280	6023.064221709967
336	6000.039284303784
-184	6057.4423815608025
-116	6075.225214675069
-168	6062.20063392818
144	6068.680690482259
116	6075.278758272529
100	6078.476905822754
468	5939.501248463988
352	5993.184247925878
200	6052.436999514699
-408	5969.218072116375
-136	6070.677522793412
-288	6020.173540890217
20	6087.6054874658585
312	6010.005063354969
484	5930.8015260100365
-300	6015.228830948472
-484	5931.001998126507
-472	5938.095282107592
-376	5983.2602827847
-432	5958.06030100584
340	5998.35626873374
0	6088.011257439852
388	5977.49023103714
344	5996.663581073284
-268	6028.015729263425
512	5914.192793667316
276	6024.7069603949785
-360	5990.061714544892
-24	6087.391421616077
372	5984.47423890233
-128	6072.57069042325
152	6066.546181857586
88	6080.554954767227
-28	6087.208559215069
236	6039.924450576305
-248	6035.619131371379
-64	6084.023706704378
120	6074.413961261511
-72	6082.959445863962
448	5949.732064306736
-500	5920.67441868782
260	6030.969054594636
-88	6080.532273009419
72	6082.942192956805
436	5955.406674310565
24	6087.4281349778175
8	6087.9462623894215
184	6057.413036540151
252	6033.988266512752
-228	6042.858378618956
-156	6065.594178810716
-476	5935.6318264603615
288	6019.779102861881
464	5941.698266893625
-460	5944.262577697635
-204	6051.087559074163
-96	6079.129026770592
500	5920.278683274984
-40	6086.387673228979
-8	6087.947191417217
-388	5978.055482938886
-124	6073.479323089123
-100	6078.380276694894
40	6086.400086894631
400	5972.209832385182
480	5933.33663110435
432	5957.367805048823
-68	6083.510988727212
496	5924.445410639048
416	5965.069572597742
-272	6026.496426522732
-296	6016.906138420105
-512	5914.614920139313
-292	6018.537444964051
-324	6005.253255560994
-416	5965.560078904033
268	6027.82030312717
-356	5991.7572996765375
32	6086.979037329555
-312	6010.296599388123
136	6070.644585043192
444	5951.547012791038
-420	5963.672886073589
196	6053.699025571346
-60	6084.488794833422
320	6006.7726651877165
408	5968.581557378173
-504	5920.066297635436
-132	6071.620773151517
324	6005.057158619165
-304	6013.559132426977
460	5943.577469334006
244	6036.949622496963
-4	6087.9990349859
-56	6084.920785829425
176	6059.823899567127
-424	5961.848579511046
28	6087.215715974569
148	6067.626632943749
256	6032.491250753403
-196	6053.688969492912
92	6079.920320913196
-440	5954.228457957506
188	6056.163296759129
-364	5988.442427650094
36	6086.705063581467
-448	5950.287540763617
-284	6021.781314775348
204	6051.14675937593
-496	5924.84209766984
-368	5986.685997992754
-120	6074.376330435276
-52	6085.306754633784
84	6081.200277149677
384	5979.287914276123
292	6018.182854771614
-344	5996.876165509224
-260	6031.035233676434
-160	6064.473162472248
76	6082.386205106974
-436	5956.071355000138
-352	5993.511101022363
-480	5933.779527112842
232	6041.364580228925
296	6016.560375317931
304	6013.280028760433
476	5935.277418956161
240	6038.482747659087
-404	5970.935819894075
132	6071.640464022756
140	6069.691428914666
248	6035.49691593647
-92	6079.848148033023
-12	6087.831229507923
16	6087.746516689658
392	5975.737640991807
180	6058.599863350391
-468	5940.079718694091
160	6064.365419045091
-396	5974.4508034437895
-80	6081.79928663373
44	6086.066123068333
-384	5979.794158264995
368	5986.191423982382
452	5947.7525080144405
412	5966.735512122512
380	5981.0185460448265
212	6048.485458955169
424	5961.355008408427
-32	6086.972565874457
228	6042.852980360389
128	6072.592103779316
428	5959.367882698774
332	6001.738948896527
396	5974.028900206089
-220	6045.683713331819
440	5953.626980945468
-280	6023.325207442045
192	6054.957339510322
360	5989.778256982565
-348	5995.20962870121
-148	6067.708277568221
488	5929.022811636329
-212	6048.427373558283
-236	6039.9966157227755
492	5925.8057898283005
-176	6059.829371213913
-464	5942.280915021896
-76	6082.402819514275
80	6081.789903357625
96	6079.23164704442
-508	0.0
-200	6052.445007860661
472	5937.566153421998
-492	5926.0587567687035
-232	6041.437295809388
-488	5929.4578740000725
-48	6085.704163998365
-332	6001.917067989707
48	6085.720126986504
508	0.0
504	5919.63567212224
-252	6034.077723234892
-224	6044.263790011406
284	6021.433327406645
-140	6069.706144928932
