0.0	NaN	NaN	NaN	NaN
0.18518518518518517	-2.0	0.0	-0.0	-1080.0
0.37037037037037035	-1.9999999961775015	-0.00013910462082640155	-1.769643163359003e-8	-539.999998920145
0.5555555555555556	-1.999994870134863	-0.08292342144245048	-3.56005531500394e-5	-359.99901254327966
0.7407407407407407	-1.9998104094223386	-1.723955322713018	-0.0017486807539777575	-269.97204455299783
0.9259259259259259	-1.9983203944613657	-9.965142039831939	-0.019233142746567435	-215.7978308076612
1.1111111111111112	-1.9926832507260923	-32.924659872697944	-0.0995638896918543	-179.2518850646256
1.2962962962962963	-1.9786747782555103	-88.45514497359689	-0.3339836320155395	-152.3829812350131
1.4814814814814814	-1.9512367180287418	-240.54905144813628	-0.8543327096039605	-131.1318038879574
1.6666666666666667	-1.9043280617729812	-779.5725034790636	-1.828641196646264	-113.1624989883911
1.8518518518518519	-1.8307549663442142	-1343.1746217972818	-2.6766699462554358	-97.41536641160964
2.037037037037037	-1.7176147973848659	-4214.47599049032	-4.291441146710925	-82.21256439959896
2.2222222222222223	-1.536616908387441	-8466.413875090237	-5.837285289401825	-66.52098249720403
2.4074074074074074	-1.2940188973742357	-10568.68202375395	-7.17013588942677	-50.77319005993713
2.5925925925925926	-1.0820215513109175	-3623.789887893679	-7.014072573241406	-39.029688986599425
2.7777777777777777	-0.9376521439169658	-1879.2553248262786	-7.205144026162599	-31.161625331592237
2.962962962962963	-0.8379211075730731	-1044.9909101189876	-7.355706665901188	-25.79728638084957
3.1481481481481484	-0.7632720310253694	-641.0958244523554	-7.545210954444478	-21.84839750586466
3.3333333333333335	-0.7038941852288139	-462.9324332757971	-7.91180790008739	-18.743283186838198
3.5185185185185186	-0.6547791410363607	-381.2292034190726	-8.450048730927918	-16.207919632243367
3.7037037037037037	-0.6130909196112264	-278.56568033858343	-8.756134926293159	-14.18929839940396
3.888888888888889	-0.577062684519231	-212.8381437745082	-9.102454800359833	-12.498123510401983
4.074074074074074	-0.545505574166222	-156.43186658412986	-9.340555862914977	-11.097000381364499
4.2592592592592595	-0.5175706933308174	-125.43066998208712	-9.71298007766595	-9.87122095561936
4.444444444444445	-0.4926249451503652	-106.39802055847824	-10.177522930091051	-8.79411860661273
4.62962962962963	-0.4701813887211543	-88.45784418875876	-10.582291906759714	-7.870142944516834
4.814814814814815	-0.4498571681650388	-72.19730800249268	-10.9256265088516	-7.074018756204705
5.0	-0.43134627490648403	-61.43245601310599	-11.343619321518633	-6.358201633825955
