0.0	NaN	NaN	NaN	NaN
0.18518518518518517	-2.0	0.0	-0.0	-10.8
0.37037037037037035	-1.9999999964216535	-0.0008545619816823092	-1.6566025637045454e-10	-5.399999989891183
0.5555555555555556	-1.9999951949533383	-0.5096952583688834	-3.33396797651732e-7	-3.5999907508017728
0.7407407407407407	-1.9998219444492769	-10.667656664259566	-1.64065715657059e-5	-2.69973747613491
0.9259259259259259	-1.998417680651552	-64.30345545086871	-0.00018095861265952681	-2.1580956598020036
1.1111111111111112	-1.993130581465845	-246.20501783835036	-0.0009368352344198885	-1.7929743716082827
1.2962962962962963	-1.9801823882759644	-945.803992194502	-0.0031263039983637515	-1.5251575507284347
1.4814814814814814	-1.9546929386407361	-3096.8839162557065	-0.006700976208796473	-1.3148945746415595
1.6666666666666667	-1.91030664314309	-10277.821413345791	-0.011720376238856932	-1.1391517601425398
1.8518518518518519	-1.839962405313225	-23296.56409014088	-0.016739247171605715	-0.9845405053964744
2.037037037037037	-1.726227573252828	-53300.703053196834	-0.022791819570344405	-0.8362320972623101
2.2222222222222223	-1.5161975384939987	-93679.55066733745	-0.02909364946167179	-0.669196750064547
2.4074074074074074	-1.2264374440369066	-39971.94214799692	-0.030286458985001905	-0.49686271686771427
2.5925925925925926	-1.0365928420604917	-18963.764467459834	-0.03132310405087165	-0.3877468989465677
2.7777777777777777	-0.9200002833545204	-9207.106498853094	-0.031732185086351124	-0.31977651537654095
2.962962962962963	-0.8337573457215233	-6793.358814415271	-0.03397142945845738	-0.2699277467387847
3.1481481481481484	-0.7639536617769684	-4261.908497515867	-0.035079972453314644	-0.23152458366751355
3.3333333333333335	-0.7052440394499041	-3424.7393464114657	-0.037495339380018144	-0.20032461002096577
3.5185185185185186	-0.655011190004014	-2600.4441908397516	-0.03945002828823491	-0.17494896175080035
3.7037037037037037	-0.6117243309254026	-2062.657887795027	-0.041581112953784194	-0.15393866885233695
3.888888888888889	-0.5743191656564268	-1508.1028085729467	-0.04300335870624612	-0.13662406464433216
4.074074074074074	-0.5418803245182432	-1073.8790665035183	-0.0440495920755978	-0.12219481614501296
4.2592592592592595	-0.5135581613625904	-869.1222689291525	-0.0459303303105726	-0.10979088207308242
4.444444444444445	-0.4885961726771506	-687.7289355878219	-0.047515405411640135	-0.09924317263473985
4.62962962962963	-0.4663622967823816	-590.1033922038739	-0.04968620657627649	-0.09000203548451871
4.814814814814815	-0.446352870980738	-481.41062059980123	-0.05133584912930309	-0.08204199684606725
5.0	-0.4281770486173011	-385.7118151160282	-0.052719335959867275	-0.07509154253148677
